BootCurrent: 0003
Timeout: 1 seconds
BootOrder: 000A,0003,0009,000B,000C,000D,0001,0002
Boot0001* UEFI: HTTP IPv4 Realtek PCIe GBE Family Controller	PciRoot(0x0)/Pci(0x1,0x6)/Pci(0x0,0x0)/MAC(08bfb8c4f753,0)/IPv4(0.0.0.00.0.0.0,0,0)/Uri()0000424f
      dp: 02 01 0c 00 d0 41 03 0a 00 00 00 00 / 01 01 06 00 06 01 / 01 01 06 00 00 00 / 03 0b 25 00 08 bf b8 c4 f7 53 00 00 00 00 00 00 00 00 00 00 00 00 00 00 00 00 00 00 00 00 00 00 00 00 00 00 00 / 03 0c 1b 00 00 00 00 00 00 00 00 00 00 00 00 00 00 00 00 00 00 00 00 00 00 00 00 / 03 18 04 00 / 7f ff 04 00
    data: 00 00 42 4f
Boot0002* UEFI: PXE IPv4 Realtek PCIe GBE Family Controller	PciRoot(0x0)/Pci(0x1,0x6)/Pci(0x0,0x0)/MAC(08bfb8c4f753,0)/IPv4(0.0.0.00.0.0.0,0,0)0000424f
      dp: 02 01 0c 00 d0 41 03 0a 00 00 00 00 / 01 01 06 00 06 01 / 01 01 06 00 00 00 / 03 0b 25 00 08 bf b8 c4 f7 53 00 00 00 00 00 00 00 00 00 00 00 00 00 00 00 00 00 00 00 00 00 00 00 00 00 00 00 / 03 0c 1b 00 00 00 00 00 00 00 00 00 00 00 00 00 00 00 00 00 00 00 00 00 00 00 00 / 7f ff 04 00
    data: 00 00 42 4f
Boot0003* Ubuntu	HD(1,GPT,77f82df5-80d6-488a-bedd-f59adcebf229,0x800,0x100000)/File(\EFI\ubuntu\shimx64.efi)
      dp: 04 01 2a 00 01 00 00 00 00 08 00 00 00 00 00 00 00 00 10 00 00 00 00 00 f5 2d f8 77 d6 80 8a 48 be dd f5 9a dc eb f2 29 02 02 / 04 04 34 00 5c 00 45 00 46 00 49 00 5c 00 75 00 62 00 75 00 6e 00 74 00 75 00 5c 00 73 00 68 00 69 00 6d 00 78 00 36 00 34 00 2e 00 65 00 66 00 69 00 00 00 / 7f ff 04 00
Boot0009* Windows Boot Manager	HD(2,GPT,4e96080e-d4ec-11ef-910b-00410e6a0272,0x17b008,0x10008e)/File(\EFI\Microsoft\Boot\bootmgfw.efi)57494e444f5753000100000088000000780000004200430044004f0042004a004500430054003d007b00390064006500610038003600320063002d0035006300640064002d0034006500370030002d0061006300630031002d006600330032006200330034003400640034003700390035007d00000000000100000010000000040000007fff0400
      dp: 04 01 2a 00 02 00 00 00 08 b0 17 00 00 00 00 00 8e 00 10 00 00 00 00 00 0e 08 96 4e ec d4 ef 11 91 0b 00 41 0e 6a 02 72 02 02 / 04 04 46 00 5c 00 45 00 46 00 49 00 5c 00 4d 00 69 00 63 00 72 00 6f 00 73 00 6f 00 66 00 74 00 5c 00 42 00 6f 00 6f 00 74 00 5c 00 62 00 6f 00 6f 00 74 00 6d 00 67 00 66 00 77 00 2e 00 65 00 66 00 69 00 00 00 / 7f ff 04 00
    data: 57 49 4e 44 4f 57 53 00 01 00 00 00 88 00 00 00 78 00 00 00 42 00 43 00 44 00 4f 00 42 00 4a 00 45 00 43 00 54 00 3d 00 7b 00 39 00 64 00 65 00 61 00 38 00 36 00 32 00 63 00 2d 00 35 00 63 00 64 00 64 00 2d 00 34 00 65 00 37 00 30 00 2d 00 61 00 63 00 63 00 31 00 2d 00 66 00 33 00 32 00 62 00 33 00 34 00 34 00 64 00 34 00 37 00 39 00 35 00 7d 00 00 00 00 00 01 00 00 00 10 00 00 00 04 00 00 00 7f ff 04 00
Boot000A* Windows Boot Manager	HD(2,GPT,4e96080e-d4ec-11ef-910b-00410e6a0272,0x17b008,0x10008e)/File(\EFI\Microsoft\Boot\bootmgfw.efi)57494e444f5753000100000088000000780000004200430044004f0042004a004500430054003d007b00390064006500610038003600320063002d0035006300640064002d0034006500370030002d0061006300630031002d006600330032006200330034003400640034003700390035007d00000000000100000010000000040000007fff0400
      dp: 04 01 2a 00 02 00 00 00 08 b0 17 00 00 00 00 00 8e 00 10 00 00 00 00 00 0e 08 96 4e ec d4 ef 11 91 0b 00 41 0e 6a 02 72 02 02 / 04 04 46 00 5c 00 45 00 46 00 49 00 5c 00 4d 00 69 00 63 00 72 00 6f 00 73 00 6f 00 66 00 74 00 5c 00 42 00 6f 00 6f 00 74 00 5c 00 62 00 6f 00 6f 00 74 00 6d 00 67 00 66 00 77 00 2e 00 65 00 66 00 69 00 00 00 / 7f ff 04 00
    data: 57 49 4e 44 4f 57 53 00 01 00 00 00 88 00 00 00 78 00 00 00 42 00 43 00 44 00 4f 00 42 00 4a 00 45 00 43 00 54 00 3d 00 7b 00 39 00 64 00 65 00 61 00 38 00 36 00 32 00 63 00 2d 00 35 00 63 00 64 00 64 00 2d 00 34 00 65 00 37 00 30 00 2d 00 61 00 63 00 63 00 31 00 2d 00 66 00 33 00 32 00 62 00 33 00 34 00 34 00 64 00 34 00 37 00 39 00 35 00 7d 00 00 00 00 00 01 00 00 00 10 00 00 00 04 00 00 00 7f ff 04 00
Boot000B* ubuntu	HD(2,GPT,4e96080e-d4ec-11ef-910b-00410e6a0272,0x17b008,0x10008e)/File(\EFI\ubuntu\shimx64.efi) File(.)
      dp: 04 01 2a 00 02 00 00 00 08 b0 17 00 00 00 00 00 8e 00 10 00 00 00 00 00 0e 08 96 4e ec d4 ef 11 91 0b 00 41 0e 6a 02 72 02 02 / 04 04 34 00 5c 00 45 00 46 00 49 00 5c 00 75 00 62 00 75 00 6e 00 74 00 75 00 5c 00 73 00 68 00 69 00 6d 00 78 00 36 00 34 00 2e 00 65 00 66 00 69 00 00 00 / 7f ff 04 00
    data: 00 00 42 4f
Boot000C* UEFI: Intenso Ultra Line, Partition 1	PciRoot(0x0)/Pci(0x8,0x1)/Pci(0x0,0x4)/USB(3,0)/USB(1,0)/HD(1,GPT,5ce958bc-22e2-4a38-92a7-b34caf623aed,0x800,0x800000)0000424f
      dp: 02 01 0c 00 d0 41 03 0a 00 00 00 00 / 01 01 06 00 01 08 / 01 01 06 00 04 00 / 03 05 06 00 03 00 / 03 05 06 00 01 00 / 04 01 2a 00 01 00 00 00 00 08 00 00 00 00 00 00 00 00 80 00 00 00 00 00 bc 58 e9 5c e2 22 38 4a 92 a7 b3 4c af 62 3a ed 02 02 / 7f ff 04 00
    data: 00 00 42 4f
Boot000D* UEFI: Intenso Ultra Line, Partition 2	PciRoot(0x0)/Pci(0x8,0x1)/Pci(0x0,0x4)/USB(3,0)/USB(1,0)/HD(2,GPT,6ab59ae6-1515-4091-9e55-8fd88728861e,0x800800,0x6df77df)0000424f
      dp: 02 01 0c 00 d0 41 03 0a 00 00 00 00 / 01 01 06 00 01 08 / 01 01 06 00 04 00 / 03 05 06 00 03 00 / 03 05 06 00 01 00 / 04 01 2a 00 02 00 00 00 00 08 80 00 00 00 00 00 df 77 df 06 00 00 00 00 e6 9a b5 6a 15 15 91 40 9e 55 8f d8 87 28 86 1e 02 02 / 7f ff 04 00
    data: 00 00 42 4f
